1 26464U 00045B   10275.16666667  .00001328  00000-0  00000+0 0  9993
2 26464 125.8205 209.1468 8963630 039.3550 000.7459 00.44226506  6625
1 26464U 00045B   10277.41666667  .00001184  00000-0  00000+0 0  9993
2 26464 125.8964 209.2862 8966907 039.4406 358.9275 00.44216435  6632
1 26464U 00045B   10279.66666667  .00001108  00000-0  00000+0 0  9998
2 26464 125.9583 209.4232 8968416 039.5131 357.1440 00.44214312  6644
1 26464U 00045B   10281.91666667  .00001146  00000-0  00000+0 0  9991
2 26464 126.0418 209.5890 8968110 039.6143 355.3385 00.44223549  6650
1 26464U 00045B   10284.20833333  .00001195  00000-0  00000+0 0  9996
2 26464 126.1480 209.7754 8969135 039.7433 000.1470 00.44232493  6672
1 26464U 00045B   10286.45833333  .00001162  00000-0  00000+0 0  9999
2 26464 126.2392 209.9395 8972315 039.8522 358.3457 00.44230693  6675
1 26464U 00045B   10288.70833333  .00001097  00000-0  00000+0 0  9996
2 26464 126.3262 210.1034 8975490 039.9436 356.6118 00.44223479  6688
1 26464U 00045B   10291.00000000  .00001090  00000-0  00000+0 0  9993
2 26464 126.4455 210.3078 8977340 040.0544 001.5349 00.44217857  6698
1 26464U 00045B   10293.25000000  .00001158  00000-0  00000+0 0  9997
2 26464 126.5978 210.5428 8979354 040.1884 359.8101 00.44216853  6707
1 26464U 00045B   10295.50000000  .00001270  00000-0  00000+0 0  9992
2 26464 126.7304 210.7561 8982110 040.3062 358.0878 00.44219530  6714
1 26464U 00045B   10297.75000000  .00001395  00000-0  00000+0 0  9999
2 26464 126.8310 210.9411 8982825 040.4065 356.3670 00.44227487  6727
1 26464U 00045B   10300.00000000  .00001482  00000-0  00000+0 0  9999
2 26464 126.9379 211.1333 8981965 040.5279 354.5896 00.44234738  6739
1 26464U 00045B   10301.50000000  .00001530  00000-0  00000+0 0  9999
2 26464 127.3614 211.5892 8990571 041.0422 232.4480 00.44228972  6746
1 26464U 00045B   10302.25000000  .00001462  00000-0  00000+0 0  9996
2 26464 127.0504 211.3239 8983062 040.6636 352.7561 00.44231267  6740
1 26464U 00045B   10313.58333333  .00001394  00000-0  00000+0 0  9996
2 26464 127.4773 212.1952 8990269 041.2360 356.9901 00.44236020  6792
1 26464U 00045B   10315.83333333  .00001354  00000-0  00000+0 0  9992
2 26464 127.5650 212.3755 8993345 041.3440 355.2600 00.44229275  6802
1 26464U 00045B   10318.08333333  .00001351  00000-0  00000+0 0  9999
2 26464 127.6828 212.5943 8994891 041.4690 353.5631 00.44222975  6812
1 26464U 00045B   10320.33333333  .00001423  00000-0  00000+0 0  9990
2 26464 127.8356 212.8507 8996407 041.6236 351.8404 00.44220605  6820
1 26464U 00045B   10322.62500000  .00001545  00000-0  00000+0 0  9996
2 26464 127.9785 213.0941 8998713 041.7677 356.7533 00.44223745  6830
1 26464U 00045B   10322.62500000  .00001545  00000-0  00000+0 0  9996
2 26464 127.9785 213.0941 8998713 041.7677 356.7533 00.44223745  6830
1 26464U 00045B   10322.64505251  .00000003  00000-0  30951-2 0  9990
2 26464 127.9005 213.0024 8994716 041.7388 359.8971 00.44226437  6847
1 26464U 00045B   10324.87500000  .00001688  00000-0  00000+0 0  9993
2 26464 128.0821 213.2970 8999335 041.8835 355.0419 00.44231789  6848
1 26464U 00045B   10327.12500000  .00001809  00000-0  00000+0 0  9999
2 26464 128.1859 213.5039 8998033 042.0176 353.2866 00.44238591  6859
1 26464U 00045B   10329.41666667  .00001833  00000-0  00000+0 0  9992
2 26464 128.2957 213.7154 8998290 042.1795 358.1127 00.44236735  6865
1 26464U 00045B   10331.66666667  .00001746  00000-0  00000+0 0  9995
2 26464 128.3888 213.8995 9001193 042.3099 356.2861 00.44226426  6871
1 26464U 00045B   10333.91666667  .00001658  00000-0  00000+0 0  9997
2 26464 128.4520 214.0588 9003007 042.4072 354.5027 00.44221611  6881
1 26464U 00045B   10336.20833333  .00001685  00000-0  00000+0 0  9998
2 26464 128.5296 214.2481 9002014 042.5306 359.3438 00.44228586  6892
1 26464U 00045B   10340.70833333  .00001828  00000-0  00000+0 0  9997
2 26464 128.7288 214.6667 9004224 042.8396 355.6952 00.44239714  6910
1 26464U 00045B   10345.25000000  .00001800  00000-0  00000+0 0  9999
2 26464 128.9415 215.0973 9009618 043.1020 358.9096 00.44225563  6933
1 26464U 00045B   10347.50000000  .00001862  00000-0  00000+0 0  9997
2 26464 129.0955 215.3741 9010614 043.2757 357.1959 00.44223221  6945
1 26464U 00045B   10349.75000000  .00001977  00000-0  00000+0 0  9993
2 26464 129.2425 215.6386 9012440 043.4409 355.4801 00.44226442  6958
1 26464U 00045B   10349.75000000  .00001977  00000-0  00000+0 0  9993
2 26464 129.2394 215.6375 9012185 043.4436 355.4939 00.44226593  6956
1 26464U 00045B   10352.00000000  .00002120  00000-0  00000+0 0  9996
2 26464 129.3496 215.8653 9012857 043.5822 353.7944 00.44234205  6964
1 26464U 00045B   10354.25000000  .00002254  00000-0  00000+0 0  9993
2 26464 129.4502 216.0839 9011600 043.7289 352.0484 00.44240330  6974
1 26464U 00045B   10356.50000000  .00002310  00000-0  00000+0 0  9996
2 26464 129.5668 216.3170 9011396 043.9033 350.2352 00.44239101  6989
1 26464U 00045B   10356.54166667  .00002310  00000-0  00000+0 0  9992
2 26464 129.5692 216.3212 9011470 043.9061 356.8716 00.44238042  6986
1 26464U 00045B   10356.55318668  .00000003  00000-0  17473-2 0  9995
2 26464 129.4799 216.1925 9015763 043.8515 358.7294 00.44231869  6986
1 26464U 00045B   10358.79166667  .00002244  00000-0  00000+0 0  9997
2 26464 129.6739 216.5326 9013973 044.0633 355.0451 00.44229661  6999
1 26464U 00045B   10361.04166667  .00002140  00000-0  00000+0 0  9994
2 26464 129.7469 216.7104 9016117 044.1808 353.2680 00.44223578  7002
1 26464U 00045B   10363.29166667  .00002133  00000-0  00000+0 0  9995
2 26464 129.8176 216.8993 9015420 044.3077 351.4883 00.44228614  7013
1 26464U 00045B   10365.58333333  .00002226  00000-0  00000+0 0  9998
2 26464 129.9177 217.1271 9014784 044.4792 356.3007 00.44238720  7027
1 26464U 00045B   11001.50069444  .00002274  00000-0  00000+0 0  9990
2 26464 130.0621 217.3674 9019582 044.6204 142.5843 00.44224948  7035
1 26464U 00045B   11002.83333333  .00002294  00000-0  00000+0 0  9990
2 26464 130.0205 217.3511 9016977 044.6513 354.4789 00.44240460  7031
1 26464U 00045B   11005.08333333  .00002281  00000-0  00000+0 0  9996
2 26464 130.1119 217.5591 9020213 044.7930 352.7374 00.44232962  7048
1 26464U 00045B   11007.37500000  .00002258  00000-0  00000+0 0  9991
2 26464 130.2247 217.8023 9021709 044.9458 357.6858 00.44225540  7058
1 26464U 00045B   11009.62500000  .00002296  00000-0  00000+0 0  9993
2 26464 130.3746 218.0899 9022402 045.1332 355.9790 00.44222620  7065
1 26464U 00045B   11014.16666667  .00002523  00000-0  00000+0 0  9993
2 26464 130.6410 218.6197 9024606 045.4796 359.1903 00.44231133  7092
1 26464U 00045B   11016.41666667  .00002657  00000-0  00000+0 0  9991
2 26464 130.7441 218.8517 9023569 045.6394 357.4532 00.44237545  7090
1 26464U 00045B   11018.66666667  .00002732  00000-0  00000+0 0  9994
2 26464 130.8588 219.0956 9023175 045.8243 355.6552 00.44237416  7102
1 26464U 00045B   11023.16666667  .00002559  00000-0  00000+0 0  9992
2 26464 131.0474 219.5155 9027572 046.1354 352.0593 00.44221986  7120
1 26464U 00045B   11025.41666667  .00002508  00000-0  00000+0 0  9996
2 26464 131.1202 219.7115 9027359 046.2730 350.2847 00.44226001  7136
1 26464U 00045B   11027.66666667  .00002581  00000-0  00000+0 0  9996
2 26464 131.2142 219.9420 9026476 046.4509 348.4701 00.44235522  7143
1 26464U 00045B   11029.91666667  .00002667  00000-0  00000+0 0  9991
2 26464 131.3203 220.1828 9028144 046.6409 346.6591 00.44237981  7152
1 26464U 00045B   11032.20833333 +.00002665 +00000-0 +00000-0 0  9992
2 26464 131.4161 220.4073 9031306 046.8032 351.5490 00.44231180007168
1 26464U 00045B   11034.45833333  .00002622  00000-0  00000+0 0  9993
2 26464 131.5207 220.6468 9032881 046.9615 349.8572 00.44222871  7176
1 26464U 00045B   11036.70833333  .00002627  00000-0  00000+0 0  9998
2 26464 131.6606 220.9366 9033416 047.1584 348.1576 00.44220130  7186
1 26464U 00045B   11038.95833333  .00002697  00000-0  00000+0 0  9994
2 26464 131.8058 221.2298 9034645 047.3605 346.4505 00.44221576  7197
1 26464U 00045B   11041.29166667  .00002810  00000-0  00000+0 0  9991
2 26464 131.9268 221.4946 9035044 047.5428 358.0149 00.44227463  7208
1 26464U 00045B   11043.54166667  .00002940  00000-0  00000+0 0  9995
2 26464 132.0276 221.7331 9034161 047.7136 356.2813 00.44234001  7212
1 26464U 00045B   11045.79166667  .00003032  00000-0  00000+0 0  9997
2 26464 132.1367 221.9814 9033754 047.9075 354.4928 00.44235100  7222
1 26464U 00045B   11048.08333333  .00003001  00000-0  00000+0 0  9994
2 26464 132.2422 222.2169 9035670 048.0986 359.3202 00.44226383  7237
1 26464U 00045B   11050.33333333  .00002857  00000-0  00000+0 0  9993
2 26464 132.3250 222.4190 9037710 048.2504 357.5370 00.44219233  7241
1 26464U 00045B   11052.58333333  .00002758  00000-0  00000+0 0  9992
2 26464 132.3962 222.6187 9037782 048.3974 355.7656 00.44223252  7254
1 26464U 00045B   11054.83333333  .00002806  00000-0  00000+0 0  9996
2 26464 132.4854 222.8539 9037045 048.5833 353.9681 00.44232781  7262
1 26464U 00045B   11059.37500000  .00002919  00000-0  00000+0 0  9992
2 26464 132.6816 223.3391 9041374 048.9610 357.0489 00.44229198  7282
1 26464U 00045B   11070.66666667  .00003068  00000-0  00000+0 0  9995
2 26464 133.2490 224.6738 9044369 049.9014 355.2030 00.44231995  7338
1 26464U 00045B   11072.91666667  .00003175  00000-0  00000+0 0  9994
2 26464 133.3515 224.9274 9043734 050.1065 353.4267 00.44233834  7347
1 26464U 00045B   11075.16666667  .00003165  00000-0  00000+0 0  9993
2 26464 133.4494 225.1658 9045166 050.3024 351.6343 00.44226941  7358
1 26464U 00045B   11077.41666667  .00003007  00000-0  00000+0 0  9998
2 26464 133.5253 225.3713 9046969 050.4630 349.8622 00.44219265  7363
1 26464U 00045B   11079.70833333  .00002845  00000-0  00000+0 0  9997
2 26464 133.6225 225.5380 9046933 050.5955 354.7349 00.44221666  7377
1 26464U 00045B   11081.95833333  .00002855  00000-0  00000+0 0  9998
2 26464 133.7091 225.7866 9046109 050.7985 352.9379 00.44231772  7383
1 26464U 00045B   11084.20833333  .00002965  00000-0  00000+0 0  9991
2 26464 133.8088 226.0505 9047097 051.0191 351.1411 00.44236373  7395
1 26464U 00045B   11086.45833333  .00002999  00000-0  00000+0 0  9997
2 26464 133.9018 226.2991 9049556 051.2164 349.4016 00.44232418  7403
1 26464U 00045B   11088.75000000  .00002920  00000-0  00000+0 0  9993
2 26464 133.9956 226.5533 9050885 051.4078 354.3551 00.44225315  7410
1 26464U 00045B   11091.00000000  .00002847  00000-0  00000+0 0  9993
2 26464 134.1133 226.8561 9051182 051.6301 352.6780 00.44220745  7424
1 26464U 00045B   11093.25000000  .00002846  00000-0  00000+0 0  9991
2 26464 134.2409 227.1725 9051938 051.8646 350.9976 00.44221861  7439
1 26464U 00045B   11095.50000000  .00002904  00000-0  00000+0 0  9996
2 26464 134.3440 227.4443 9052251 052.0647 349.3227 00.44227989  7447
1 26464U 00045B   11097.79166667  .00003012  00000-0  00000+0 0  9992
2 26464 134.4340 227.7015 9050881 052.2633 354.2587 00.44234537  7451
1 26464U 00045B   11100.08333333  .00003134  00000-0  00000+0 0  9990
2 26464 134.5049 228.0052 9049607 052.5199 359.1313 00.44237511  7464
1 26464U 00045B   11104.62500000  .00002982  00000-0  00000+0 0  9991
2 26464 134.6708 228.4772 9052310 052.9150 002.2116 00.44223066  7496
1 26464U 00045B   11106.87500000  .00002778  00000-0  00000+0 0  9993
2 26464 134.7340 228.6957 9051818 053.0889 000.4558 00.44225549  7509
1 26464U 00045B   11109.16666667  .00002747  00000-0  00000+0 0  9996
2 26464 134.8189 228.9663 9050482 053.3150 005.3029 00.44234806  7512
1 26464U 00045B   11111.41666667  .00002866  00000-0  00000+0 0  9999
2 26464 134.9156 229.2514 9051090 053.5604 003.5078 00.44240435  7528
1 26464U 00045B   11113.70833333  .00002927  00000-0  00000+0 0  9997
2 26464 135.0081 229.5238 9053266 053.7849 008.4058 00.44235289  7537
1 26464U 00045B   11115.95833333  .00002848  00000-0  00000+0 0  9998
2 26464 135.0982 229.7989 9054341 053.9968 006.7221 00.44228508  7541
1 26464U 00045B   11118.25000000  .00002742  00000-0  00000+0 0  9994
2 26464 135.2131 230.1290 9054206 054.2478 011.6852 00.44225299  7550
1 26464U 00045B   11120.54166667  .00002711  00000-0  00000+0 0  9997
2 26464 135.3363 230.4741 9054467 054.5121 016.6496 00.44226863  7567
1 26464U 00045B   11122.79166667  .00002753  00000-0  00000+0 0  9992
2 26464 135.4356 230.7679 9054366 054.7367 014.9955 00.44233733  7571
1 26464U 00045B   11125.08333333  .00002859  00000-0  00000+0 0  9990
2 26464 135.5169 231.0345 9052487 054.9511 019.9457 00.44241058  7585
1 26464U 00045B   11127.20833333  .00002987  00000-0  00000+0 0  9993
2 26464 135.5944 231.3049 9050390 055.1850 358.3261 00.44242920  7593
1 26464U 00045B   11129.45833333  .00003042  00000-0  00000+0 0  9995
2 26464 135.6841 231.5790 9050837 055.4287 356.5460 00.44238320  7600
1 26464U 00045B   11131.70833333  .00002903  00000-0  00000+0 0  9991
2 26464 135.7547 231.8131 9052347 055.6287 354.7982 00.44229618  7616
1 26464U 00045B   11133.95833333  .00002670  00000-0  00000+0 0  9991
2 26464 135.8108 232.0365 9051692 055.8132 353.0589 00.44229870  7621
1 26464U 00045B   11136.25000000  .00002596  00000-0  00000+0 0  9991
2 26464 135.8890 232.3183 9050098 056.0574 357.9128 00.44222661  7636
1 26464U 00045B   11138.50000000  .00002721  00000-0  00000+0 0  9991
2 26464 135.9798 232.6261 9049701 056.3298 356.1136 00.44246336  7645
1 26464U 00045B   11140.75000000  .00002832  00000-0  00000+0 0  9994
2 26464 136.0660 232.9134 9051625 056.5765 354.3800 00.44242552  7651
1 26464U 00045B   11145.29166667  .00002667  00000-0  00000+0 0  9996
2 26464 136.2571 233.5550 9051954 057.0828 357.6837 00.44229582  7670
1 26464U 00045B   11147.54166667  .00002612  00000-0  00000+0 0  9996
2 26464 136.3730 233.9204 9051761 057.3715 356.0194 00.44231424  7680
1 26464U 00045B   11149.79166667  .00002617  00000-0  00000+0 0  9990
2 26464 136.4690 234.2515 9048181 057.7738 357.5347 00.44630188  7693
1 26464U 00045B   11152.00000000  .00002720  00000-0  00000+0 0  9991
2 26464 136.5398 234.5196 9046112 057.9955 352.3499 00.44635426  7705
1 26464U 00045B   11154.25000000  .00002880  00000-0  00000+0 0  9997
2 26464 136.6148 234.8046 9043706 058.2476 353.7967 00.44638831  7713
1 26464U 00045B   11156.58333333  .00003021  00000-0  00000+0 0  9991
2 26464 136.6490 234.9802 9046412 058.4129 355.7473 00.44239153  7727
1 26464U 00045B   11158.83333333  .00002932  00000-0  00000+0 0  9991
2 26464 136.7188 235.2362 9047849 058.6400 353.9695 00.44230873  7733
1 26464U 00045B   11161.08333333  .00002702  00000-0  00000+0 0  9997
2 26464 136.7719 235.4665 9047444 058.8360 352.2134 00.44228878  7742
1 26464U 00045B   11161.12500000  .00002700  00000-0  00000+0 0  9997
2 26464 136.8367 235.5887 9047471 058.7930 359.0469 00.44236424  7743
1 26464U 00045B   11163.37500000  .00002598  00000-0  00000+0 0  9991
2 26464 136.8995 235.8647 9045093 059.0360 357.3139 00.44248071  7742
1 26464U 00045B   11165.62500000  .00002734  00000-0  00000+0 0  9993
2 26464 136.9837 236.1889 9044575 059.3303 355.5605 00.44253794  7751
1 26464U 00045B   11167.87500000  .00002905  00000-0  00000+0 0  9992
2 26464 137.0637 236.4948 9046442 059.6002 353.8588 00.44249733  7764
1 26464U 00045B   11170.16666667  .00002909  00000-0  00000+0 0  9994
2 26464 137.1411 236.8006 9047392 059.8500 358.8631 00.44240090  7787
1 26464U 00045B   11172.41666667  .00002801  00000-0  00000+0 0  9995
2 26464 137.2364 237.1568 9046599 060.1346 357.2412 00.44235708  7783
1 26464U 00045B   11176.91666667  .00002774  00000-0  00000+0 0  9993
2 26464 137.4343 237.8741 9045410 060.7140 354.0060 00.44240856  7808
1 26464U 00045B   11176.91666667 +.00002774 +00000-0 +00000-0 0  9994
2 26464 137.4343 237.8741 9045410 060.7140 354.0060 00.44240856007808
1 26464U 00045B   11192.75000000  .00003050  00000-0  00000+0 0  9994
2 26464 137.8280 239.7626 9038065 062.5414 355.9986 00.44258475  7877
1 26464U 00045B   11195.00000000  .00003282  00000-0  00000+0 0  9992
2 26464 137.9029 240.0874 9039658 062.8298 354.3534 00.44256433  7886
1 26464U 00045B   11197.25000000  .00003350  00000-0  00000+0 0  9997
2 26464 137.9719 240.3939 9040760 063.0830 352.7852 00.44247274  7897
1 26464U 00045B   11199.50000000  .00003263  00000-0  00000+0 0  9990
2 26464 138.0561 240.7509 9039817 063.3699 351.2428 00.44241859  7906
1 26464U 00045B   11201.79166667  .00003196  00000-0  00000+0 0  9992
2 26464 138.1542 241.1483 9038893 063.6933 356.3262 00.44241900  7919
1 26464U 00045B   11204.04166667  .00003236  00000-0  00000+0 0  9998
2 26464 138.2369 241.4907 9038178 063.9728 354.7791 00.44245648  7925
1 26464U 00045B   11213.08333333  .00003887  00000-0  00000+0 0  9990
2 26464 138.4863 242.6928 9035342 065.0540 350.6376 00.44103272  7961
1 26464U 00045B   11226.70833333  .00004008  00000-0  00000+0 0  9994
2 26464 138.8765 244.6859 9031910 066.6552 354.2820 00.44104791  8027
1 26464U 00045B   11228.95833333  .00003924  00000-0  00000+0 0  9999
2 26464 138.9610 245.0748 9030678 066.9734 351.6557 00.44105378  8035
1 26464U 00045B   11231.20833333  .00003948  00000-0  00000+0 0  9997
2 26464 139.0336 245.4157 9029772 067.2540 349.0338 00.44109782  8044
1 26464U 00045B   11233.50000000  .00004080  00000-0  00000+0 0  9997
2 26464 139.0887 245.7068 9027678 067.5003 353.0159 00.44115536  8050
1 26464U 00045B   11235.75000000  .00004307  00000-0  00000+0 0  9998
2 26464 139.1393 245.9945 9025020 067.7569 350.3279 00.44118932  8064
1 26464U 00045B   11238.00000000  .00004563  00000-0  00000+0 0  9993
2 26464 139.1982 246.3043 9023904 068.0409 347.5968 00.44114608  8078
1 26464U 00045B   11240.25000000  .00005553  00000-0  00000+0 0  9993
2 26464 139.2570 246.5960 9024517 068.3055 344.8709 00.44108028  8086
1 26464U 00045B   11242.54166667  .00004468  00000-0  00000+0 0  9993
2 26464 139.3053 246.8508 9024531 068.5313 348.7796 00.44104260  8093
1 26464U 00045B   11244.79166667  .00004262  00000-0  00000+0 0  9994
2 26464 139.3465 247.1089 9022683 068.7615 346.0563 00.44110563  8109
1 26464U 00045B   11249.37500000  .00004633  00000-0  00000+0 0  9998
2 26464 139.4318 247.6181 9021101 069.3630 000.0557 00.44226429  8124
1 26464U 00045B   11251.62500000  .00004777  00000-0  00000+0 0  9998
2 26464 139.4878 247.9335 9021784 069.6308 358.2810 00.44218199  8148
1 26464U 00045B   11253.87500000  .00005633  00000-0  00000+0 0  9999
2 26464 139.5477 248.2732 9020619 069.9095 356.5390 00.44212968  8143
1 26464U 00045B   11256.16666667  .00004538  00000-0  00000+0 0  9999
2 26464 139.6180 248.6629 9019124 070.2315 001.4302 00.44213315  8150
1 26464U 00045B   11258.41666667  .00004509  00000-0  00000+0 0  9997
2 26464 139.6793 249.0013 9017956 070.5125 359.7021 00.44218231  8176
1 26464U 00045B   11260.66666667  .00004594  00000-0  00000+0 0  9991
2 26464 139.7235 249.2788 9015703 070.7496 357.9544 00.44223946  8179
1 26464U 00045B   11262.91666667 +.00004783 +00000-0 +00000-0 0  9992
2 26464 139.7660 249.5582 9012869 071.0021 356.1525 00.44226240008185
1 26464U 00045B   11265.20833333  .00006210  00000-0  00000+0 0  9999
2 26464 139.8162 249.8665 9011470 071.2886 000.9414 00.44224250  8197
1 26464U 00045B   11274.20833333  .00004595  00000-0  00000+0 0  9993
2 26464 139.9821 250.9762 9007456 072.3006 353.5723 00.44229364  8232
1 26464U 00045B   11276.50000000  .00004854  00000-0  00000+0 0  9993
2 26464 140.0342 251.3225 9007513 072.6147 358.3676 00.44227914  8256
1 26464U 00045B   11278.75000000 +.00006239 +00000-0 +00000-0 0  9992
2 26464 140.0833 251.6455 9007731 072.8931 356.5903 00.44220439008252
1 26464U 00045B   11281.00000000 +.00007462 +00000-0 +00000-0 0  9993
2 26464 140.1337 251.9919 9006337 073.1811 354.8453 00.44214673008267
1 26464U 00045B   11283.25000000 +.00004623 +00000-0 +00000-0 0  9998
2 26464 140.1902 252.3750 9004574 073.5005 353.1087 00.44215983008274
1 26464U 00045B   11285.54166667 +.00004496 +00000-0 +00000-0 0  9992
2 26464 140.2399 252.7218 9003024 073.7922 358.0134 00.44220024008287
1 26464U 00045B   11287.79166667 +.00004501 +00000-0 +00000-0 0  9998
2 26464 140.2766 252.9983 9000412 074.0313 356.2707 00.44225837008296
1 26464U 00045B   11290.08333333 +.00004625 +00000-0 +00000-0 0  9997
2 26464 140.3115 253.2767 8997045 074.2867 001.1071 00.44231059008306
1 26464U 00045B   11292.33333333 +.00004820 +00000-0 +00000-0 0  9994
2 26464 140.3529 253.5786 8995221 074.5726 359.2687 00.44229076008328
1 26464U 00045B   11294.58333333 +.00007530 +00000-0 +00000-0 0  9994
2 26464 140.3949 253.8635 8995334 074.8399 357.4331 00.44220580008321
1 26464U 00045B   11296.87500000 +.00005373 +00000-0 +00000-0 0  9998
2 26464 140.4277 254.1122 8994758 075.0663 002.2488 00.44216750008330
1 26464U 00045B   11299.12500000 +.00004245 +00000-0 +00000-0 0  9996
2 26464 140.4551 254.3724 8992115 075.3037 000.4083 00.44222804008358
1 26464U 00045B   11301.37500000 +.00004125 +00000-0 +00000-0 0  9994
2 26464 140.4904 254.7028 8989657 075.6103 358.5395 00.44233860008363
1 26464U 00045B   11303.62500000 +.00004323 +00000-0 +00000-0 0  9994
2 26464 140.5340 255.0500 8989359 075.9292 356.6982 00.44232116008362
1 26464U 00045B   11305.91666667 +.00004456 +00000-0 +00000-0 0  9997
2 26464 140.5765 255.3841 8989090 076.2222 001.5510 00.44225125008379
1 26464U 00045B   11308.16666667  .00005340  00000-0  00000+0 0  9999
2 26464 140.6190 255.7401 8987260 076.5233 359.7987 00.44219113  8398
1 26464U 00045B   11314.95833333  .00003720  00000-0  00000+0 0  9999
2 26464 140.8047 256.9281 8979994 077.4124 001.2051 00.44229963  8423
1 26464U 00045B   11317.20833333  .00003793  00000-0  00000+0 0  9990
2 26464 140.8314 257.1952 8976132 077.6630 359.4131 00.44235766  8439
1 26464U 00045B   11319.45833333  .00003961  00000-0  00000+0 0  9996
2 26464 140.8640 257.4925 8973689 077.9519 357.5685 00.44232424  8438
1 26464U 00045B   11321.70833333  .00005028  00000-0  00000+0 0  9993
2 26464 140.8994 257.7859 8973458 078.2329 355.7269 00.44225104  8442
1 26464U 00045B   11324.00000000  .00003804  00000-0  00000+0 0  9996
2 26464 140.9276 258.0342 8972863 078.4643 000.5431 00.44221362  8456
1 26464U 00045B   11326.25000000  .00003370  00000-0  00000+0 0  9993
2 26464 140.9486 258.2839 8969832 078.6965 358.7101 00.44226114  8477
1 26464U 00045B   11330.79166667  .00003341  00000-0  00000+0 0  9997
2 26464 141.0143 258.9850 8966385 079.3561 001.6159 00.44236501  8499
1 26464U 00045B   11333.04166667  .00003511  00000-0  00000+0 0  9997
2 26464 141.0477 259.3121 8966027 079.6487 359.8288 00.44229885  8508
